-2.294386266844995
-0.09520997784852303
0.674591604647275
-0.40289890183616345
0.5684496339410671
-0.6854244835382853
-0.49726906803254656
0.2372925236893466
0.946766813040509
0.5946401627784736
-1.0828920375722384
-0.17277838825805122
0.161846301580194
-1.4004681424252508
-0.8857232653844709
-0.3508579191453369
0.5574333966332731
-0.6462637942492429
0.5347924733715144
-0.5272314331983073
0.3302512118781717
1.0390993311573602
0.7787656959461242
-0.4098784485097796
0.8737382576593093
0.6318912288106768
-0.8602640487967347
-1.063128719707098
-1.1187486038423904
2.1117480839059355
0.7909967248285001
1.6182915439083465
-2.540369141819489
0.2404563528829782
-1.1393529366360196
1.6589599831097888
0.6309969323328516
-2.47094830983299
-0.3499085501549283
0.285505269296189
-0.7017868025778837
-2.0359953547027114
-1.3051662679971021
-0.686374639794078
-0.81258285613035
0.6347100852273737
-0.9284246590063797
0.35943355171567026
0.7372298929040488
-0.4129189055023304
0.6676123422455672
-0.9498274984694193
-0.6335235051471055
-0.8283758270155115
1.777843102979746
-0.43648040171184527
-0.34410170403832174
1.058956971571478
0.09201643747953013
-1.2900983510322006
1.2766502650907041
-0.6353460054149618
-0.9572789059837097
-0.7555597019790132
-0.6293349969150147
-0.11948491320855413
-0.5793415791198286
0.7548471429289781
1.5672362861303517
0.46206059784238696
-1.177384816913338
0.6414895498624819
1.3170384148175502
-0.15443730363136451
-1.3967947537569572
0.9517142957820254
-1.1147702241832347
-1.0841701411492677
0.8483717227123555
-0.057708000773488644
0.48031464542724966
0.030362102353579105
-0.40820836859519705
0.7640074076044491
0.36400851120094474
0.6020003917646061
1.610221253996811
0.016085045751257063
-0.10424096686596758
0.5909265032051086
0.6787456444530501
0.0034151567751848164
-0.8473284308095607
0.1931081614467893
0.9106177134710802
0.9834710584358589
0.3498698332815837
0.6125007732299228
-2.0049986329098965
0.40357712140828056
