1.1027905910706284
-0.3350702723650859
1.7346392420946601
1.3937868109960898
0.5095999059996511
0.9597906582800231
0.9317503791736705
0.45189174588119857
0.3645734875085248
-0.06773192974646547
0.021480791133780264
0.7292049404088419
1.2713598186154869
-0.10320550594652278
1.5630035131912245
0.28376009149310283
-0.23377848994278339
-1.4412773435703132
-0.25163791170682903
0.9928920852677612
0.5343128418213942
0.6184922956330694
1.0492398480348746
1.0499609003815165
1.3377251575774212
0.4844533488464884
0.6159199129578599
1.7386275042426238
-0.016150645530359165
-0.34390315707240215
-0.3990285408461315
1.0857579459523885
0.8936647413990242
-0.04071019878153981
0.02517702478486078
1.569438201436901
0.46634009286242994
1.0743399454917695
-0.31799659310765394
0.8456969441807215
-1.4175853015992899
2.449524927337576
0.04128482599319305
-0.5316307172203827
2.7295408036750892
-0.010785282763021042
1.802774249397775
0.22381053888086133
0.717244776421109
1.67658669682136
0.06548351886604137
0.7620559427965623
-0.5331829537646673
2.001392362007818
-0.8383789000916282
0.6018049174228733
-0.17603753561489122
1.0094605977790012
0.2485624556532926
-1.0132777166860165
-0.3225283685963357
-0.1320170244068375
0.17128296236973267
-0.21489424042120475
-1.1764208756796954
-0.9938540625987793
0.2142687558523066
0.7412937522530644
0.07321354629241955
0.38021113620974134
1.0532898861839035
-0.30169421260280327
1.893529762680077
0.5111225521265456
1.0225897433433633
2.3916392627161702
-0.8335986199576852
0.9269209683685424
-0.8493592376502532
-0.34739816701879955
0.027693301258331693
1.6988439307660639
0.8545195272509218
0.6557217704897149
0.132540304213505
0.027437212068242567
0.7602481154139187
1.9785356009291566
2.331392698876533
-0.45382498777144364
0.5708350504305968
0.901910003923903
-0.339630730737442
0.061266580334118914
1.3060423324918657
0.9812351060859985
0.13093960777836922
-0.8792193714604144
-0.23871698084048232
-0.7917528468152606
