1.9324044441380468
-0.20680505956678852
0.7371422014968863
1.8872982486351837
1.2168483566969923
1.6996665349672047
1.4394317222312003
0.03388482422947847
0.9153693727209364
0.4595657792710184
2.162039422620209
-0.2827145819230168
1.921232255533368
2.1767767528869015
2.7830749909210324
-0.09590974786694484
1.3038450249257134
1.401000055167035
0.11973371510488706
0.9690439534443303
0.8748738266648945
1.8935998862429653
-0.12232818712681848
-0.2438918861028736
2.1424980082130145
2.216722456507699
0.5115145660197364
-0.48323839676930236
2.4074362149699917
1.2746421757264854
1.1951932749475476
0.4287277039500327
1.5676298934256012
-1.0936443268162317
-1.3113515803094122
1.0284960235818523
-0.6171487123302948
2.1885139825066378
2.1652585548260928
0.044511248086107735
2.5360404441816415
0.6043742228055883
-0.9963523685499711
0.11019824532124367
1.9826728061418752
0.6878081235611841
1.2567168389776373
-1.306639557543276
0.4940000864273849
1.1055274239068202
2.285118184341702
1.6428865339565148
-0.5524671305133857
3.105159214912697
0.6622905318164828
0.993856202834624
1.1603967970780973
1.8295532036713118
2.5453234628568207
0.4622311511154722
0.7587644525097138
2.099408769033993
0.7920457816319894
1.7954342301174049
-0.4966003584529921
2.2321710694503754
0.06207175125267794
0.06520939275064808
0.177067358164116
2.409997960222164
1.4629361307036475
1.2697411669154326
1.304824335212616
-0.14290948482255428
0.5833975876373341
3.555919154929124
-1.1864584969841427
1.0940495806810602
0.8355655071771338
2.6456443608474585
-0.12267964313764335
0.520060814867447
1.804355003284134
0.7930401959259543
1.2794102502886893
-0.12579985798882487
1.8060094282762953
-0.19866167128912915
1.834483762349042
0.9828679362159977
2.058606921390371
0.1362373661073618
0.5303558798900558
0.5454474197363187
1.9414128076455814
-0.04425057782806663
2.4338865572050254
0.2623429708613648
0.5801118588656846
0.47425041627953657
