-0.8042192649485314
0.1642570327837234
0.04531037615594147
-0.21038284149179598
-2.054773626465891
-1.7049230845505432
-1.0169790700458172
-0.22589264465742853
-1.0801473387300558
-1.3033703518774153
-0.670795206683706
-3.645401215047007
-1.0508074025744232
-1.568174643695582
-1.2235790297575742
0.30545876338525213
-1.6431827512711856
-0.07876509666854448
-0.6310661281840128
-2.813220581726021
-1.9851573839950571
-0.6608682882210428
-0.13614749866605969
-1.3821681366575338
-1.0433391001119843
-2.33629336538182
-1.4707842000607616
-0.4193503695114408
-0.9335304767203252
-0.010053395381111718
-0.6320450512140974
-0.9957070807430143
-2.1349005279929
-1.0390174829200334
-1.2558839228289944
-1.5874738364012413
-2.333362008769047
-3.594210761738576
-0.0729610049656838
-0.9735384408019039
-0.6944969567569964
-0.32267036596539345
-0.2124725553302239
-0.22522010022241412
-1.24181110676784
-0.946218001611928
0.6507405502428678
-0.36892662410348076
0.9687190364491958
0.932524196094838
-1.430194481206276
-1.0327694602867354
-1.1879825688200698
1.1064978696932344
-1.426790381913158
-2.157761609909173
-2.3467610799293324
-1.1621447262012248
-2.4395078852510688
-0.2177720129025369
-0.7365246912547044
-0.606554278661332
-1.9091873264162418
-1.930206817947151
-1.7748718026781025
0.9589128914888891
-1.9802423260262576
-1.096974014712965
-0.8091236107960457
-0.2577657458466901
-1.981160162976625
-3.908810510848926
-1.0964056948711391
-1.517490035932898
-0.24178606691838112
-1.2800538468904503
-0.8312889499885621
-0.58539438816425
-2.8708454282220357
1.0831577899933387
-0.7721131414337905
-1.4851961725317944
0.43951411105207283
-1.1675804943947974
-1.3742944952590688
-1.1995072220119507
-2.1955822720699336
-1.9802696340738364
1.0354950488875758
0.17892978514675373
-1.4939425192577
-0.8705702424838528
-1.8019419349871129
-0.17394378676304323
-0.35601891328498814
-0.040877311089478785
0.06984978095172734
-0.8461731715775737
-1.291357914765158
-1.776122028897167
