-1.5427173806337338
-2.314592113017537
0.7118634301958393
-0.7371518458071036
2.596503883303128
1.1214565161907342
-0.7167628422801445
-0.5964646649850585
-0.7947804998709063
-1.356941164721684
-0.19436313467781952
-0.48078452396248583
-0.8644479563571494
-1.0272892427896894
1.1176078330412689
-2.2026387648864505
-0.21573433169567535
0.0707517267936375
-2.373174229685681
-0.4664726844349076
-1.7293537906324283
0.47330164716229806
-1.175165764315448
-0.38552614217154396
-0.9542760192940208
0.5878226079029827
1.6424289336222517
-0.10279804682792676
-0.4827453750054175
0.22159796323157943
0.29679559263376654
-1.200217271021331
0.20262364935873378
-1.8090932183310526
0.8725936912182863
0.30646465885625573
-0.13803457969065197
1.4504751037470784
0.12459099807591134
-1.6631184984760756
-2.2277206873554407
1.2131898765177775
-0.33067356977805973
-0.11499431703488844
-0.7771085517644307
0.6259033135256125
1.5249418548665505
-1.305484980818796
-1.2574324782917405
-0.5065989403452867
-0.7442328766995102
0.1686278696758048
-0.20375449804690993
-0.4775642990795745
-1.7999242199329795
0.6644168884790418
-1.1943030268836057
-0.17317789170941345
0.673314573964692
0.9540415073729844
-0.7071209817364651
-2.607597549540066
-0.29794310845765404
-1.2558367324695754
-0.7353859965020666
0.1773712707960372
0.41805672211814626
-1.2021962000720907
-2.1780303681896176
-0.05319635698133729
1.7771119121458074
0.4432760917923614
-2.2033052212125033
-2.748407672423998
-0.471174190587334
-0.597273579642331
-0.06652506044082585
-0.7176520413170916
-1.986806859242102
-0.07408148394558778
0.09308680885248455
-1.4839810760944965
2.0775880083459457
-0.047831585947542166
1.0686516864336413
0.3044179135956304
-0.6944911018270642
-0.058807788717195386
0.7934621197700353
-1.5861027944107722
-0.5575572707831008
-0.8360178568373815
-1.3447315988481172
0.2413850730975884
-1.0515951612652124
-2.040461942444896
0.09158120168621742
-1.2578328611431884
-1.180357259744424
0.9241306130734119
